Patch Test Iso Quad Element\
    9    1    4    4    2    1
    1    2             0.        0.
                     100.
    2    0             1.        0.
                       0.
    3    2             2.        0.
                       0.
    4    2             0.        1.
                     100.
    5    0           1.25       1.5
                       0.
    6    2             2.        1.
                       0.
    7    2             0.        2.
                     100.
    8    0             1.        2.
                       0.
    9    2             2.        2.
                       0.
    1    1    1    2    5    4
    2    1    2    3    6    5
    3    1    4    5    8    7
    4    1    5    6    9    8
    1        1.       1. 
C23456789 123456789 123456789 123456789 123456789 123456789 123456789
