Heat Transfer Analysis -- Hole in a Plate (w/ Symmetry)              
   49    1  36    4    2    1                                        
    1    000000     1.000      .000      .000                         
                    5000.                               
    2    000000      .944      .330      .000                         
                   10000.                                  
    3    000000      .833      .545      .000                         
                   10000.                                  
    4    000000      .707      .707      .000                         
                   10000.                                  
    5    000000      .545      .838      .000                         
                   10000.                                 
    6    000000      .330      .944      .000                         
                   10000.                                
    7    000000      .000     1.000      .000                         
                    5000.                                  
    8    000000     1.500      .000      .000                         
                       0.                                  
    9    000000     1.416      .496      .000                         
                       0.                                  
   10    000000     1.258      .817      .000                         
                       0.                                  
   11    000000     1.061     1.061      .000                         
                       0.                                  
   12    000000      .817     1.258      .000                         
                       0.                                  
   13    000000      .496     1.416      .000                         
                       0.                                  
   14    000000      .000     1.500      .000                         
                       0.                                  
   15    000000     2.500      .000      .000                         
                       0.                                  
   16    000000     2.360      .826      .000                         
                       0.                                  
   17    000000     2.096     1.362      .000                         
                       0.                                  
   18    000000     1.768     1.768      .000                         
                       0.                                  
   19    000000     1.362     2.096      .000                         
                       0.                                  
   20    000000      .826     2.360      .000                         
                       0.                                  
   21    000000      .000     2.500      .000                         
                       0.                                  
   22    000000     4.000      .000      .000                         
                       0.                                  
   23    000000     3.775     1.321      .000                         
                       0.                                  
   24    000000     3.354     2.180      .000                         
                       0.                                  
   25    000000     2.828     2.828      .000                         
                       0.                                  
   26    000000     2.180     3.354      .000                         
                       0.                                  
   27    000000     1.321     3.775      .000                         
                       0.                                  
   28    000000      .000     4.000      .000                         
                       0.                                  
   29    000000     6.000      .000      .000                         
                       0.                                  
   30    000000     5.474     1.916      .000                         
                       0.                                  
   31    000000     5.115     3.324      .000                         
                       0.                                  
   32    000000     4.738     4.738      .000                         
                       0.                                  
   33    000000     3.324     5.115      .000                         
                       0.                                  
   34    000000     1.916     5.474      .000                         
                       0.                                  
   35    000000      .000     6.000      .000                         
                       0.                                  
   36    000000     8.000      .000      .000                         
                       0.                                  
   37    000000     7.740     2.709      .000                         
                       0.                                  
   38    000000     7.043     4.578      .000                         
                       0.                                  
   39    000000     7.212     7.212      .000                         
                       0.                                  
   40    000000     4.578     7.043      .000                         
                       0.                                  
   41    000000     2.709     7.740      .000                         
                       0.                                  
   42    000000      .000     8.000      .000                         
                       0.                                  
   43    200000    10.000      .000      .000                         
                     300.                                  
   44    200000    10.000     3.500      .000                         
                     300.                                  
   45    200000    10.000     6.500      .000                         
                     300.                                   
   46    200000    10.000    10.000      .000                         
                     300.                                  
   47    200000     6.500    10.000      .000                         
                     300.                                  
   48    200000     3.500    10.000      .000                         
                     300.                                  
   49    200000      .000    10.000      .000                         
                     300.                                  
    1    1    1    8    9    2
    2    1    2    9   10    3
    3    1    3   10   11    4
    4    1    4   11   12    5
    5    1    5   12   13    6
    6    1    6   13   14    7
    7    1    8   15   16    9
    8    1    9   16   17   10
    9    1   10   17   18   11
   10    1   11   18   19   12
   11    1   12   19   20   13
   12    1   13   20   21   14
   13    1   15   22   23   16
   14    1   16   23   24   17
   15    1   17   24   25   18
   16    1   18   25   26   19
   17    1   19   26   27   20
   18    1   20   27   28   21
   19    1   22   29   30   23
   20    1   23   30   31   24
   21    1   24   31   32   25
   22    1   25   32   33   26
   23    1   26   33   34   27
   24    1   27   34   35   28
   25    1   29   36   37   30
   26    1   30   37   38   31
   27    1   31   38   39   32
   28    1   32   39   40   33
   29    1   33   40   41   34
   30    1   34   41   42   35
   31    1   36   43   44   37
   32    1   37   44   45   38
   33    1   38   45   46   39
   34    1   39   46   47   40
   35    1   40   47   48   41
   36    1   41   48   49   42
    1   100 .0       1.
C123456789 123456789 123456789 123456789 123456789 123456789 123456789 
